company,year,q1,q2,q3,q4,q5,q6,q7,q8,q9,q10,q11,q12,q13,q14,q15,q16,q17,q18,q19,q20,q21,q22,q23,q24,q25,q26,q27,q28,q29,q30,q31,q32,q33,q34,q35,q36,q37,q38,q39,q40,q41,q42,q43,q44,q45,q46,q47,q48,q49,q50,q51,q52,q53,q54,q55,q56,q57,q58,q59,q60,q61,q62,q63,q64,q65,q66,q67,q68,q69,q70,q71,q72,q73,q74,q75,q76,q77,q78,q79,q80,q81,q82,q83,q84,q85,q86,q87,q88,q89,q90,q91,q92,q93,q94,q95,q96,q97,q98,q99,q100,q101,q102,q103,q104,q105,q106,q107,q108,q109,q110,q111,q112,q113,q114,q115,q116,q117,conf_q1,conf_q2,conf_q3,conf_q4,conf_q5,conf_q6,conf_q7,conf_q8,conf_q9,conf_q10,conf_q11,conf_q12,conf_q13,conf_q14,conf_q15,conf_q16,conf_q17,conf_q18,conf_q19,conf_q20,conf_q21,conf_q22,conf_q23,conf_q24,conf_q25,conf_q26,conf_q27,conf_q28,conf_q29,conf_q30,conf_q31,conf_q32,conf_q33,conf_q34,conf_q35,conf_q36,conf_q37,conf_q38,conf_q39,conf_q40,conf_q41,conf_q42,conf_q43,conf_q44,conf_q45,conf_q46,conf_q47,conf_q48,conf_q49,conf_q50,conf_q51,conf_q52,conf_q53,conf_q54,conf_q55,conf_q56,conf_q57,conf_q58,conf_q59,conf_q60,conf_q61,conf_q62,conf_q63,conf_q64,conf_q65,conf_q66,conf_q67,conf_q68,conf_q69,conf_q70,conf_q71,conf_q72,conf_q73,conf_q74,conf_q75,conf_q76,conf_q77,conf_q78,conf_q79,conf_q80,conf_q81,conf_q82,conf_q83,conf_q84,conf_q85,conf_q86,conf_q87,conf_q88,conf_q89,conf_q90,conf_q91,conf_q92,conf_q93,conf_q94,conf_q95,conf_q96,conf_q97,conf_q98,conf_q99,conf_q100,conf_q101,conf_q102,conf_q103,conf_q104,conf_q105,conf_q106,conf_q107,conf_q108,conf_q109,conf_q110,conf_q111,conf_q112,conf_q113,conf_q114,conf_q115,conf_q116,conf_q117,esg_score
HDFC,2022,1.0,1.0,1.0,1.0,1.0,1.0,1.0,1.0,1.0,1.0,1.0,1.0,1.0,1.0,1.0,1.0,1.0,1.0,0.8,0.0,0.0,0.4,0.2,1.0,1.0,1.0,1.0,0.0,0.0,1.0,1.0,1.0,1.0,1.0,1.0,1.0,1.0,1.0,1.0,0.8,1.0,1.0,1.0,0.4,1.0,1.0,1.0,1.0,1.0,1.0,1.0,1.0,0.8,1.0,1.0,1.0,1.0,1.0,0.8,1.0,1.0,1.0,1.0,1.0,1.0,1.0,1.0,0.0,1.0,0.0,1.0,0.6,1.0,1.0,0.4,0.2,1.0,1.0,1.0,0.8,1.0,1.0,1.0,0.8,1.0,0.6,1.0,0.6,0.4,0.6,1.0,0.8,1.0,1.0,1.0,1.0,1.0,1.0,1.0,1.0,1.0,1.0,1.0,1.0,0.6,1.0,1.0,1.0,1.0,1.0,1.0,1.0,1.0,0.8,1.0,1.0,0.8,0.8174791413545609,0.7890169155597686,0.8104832667112352,0.8384727722406387,0.8147523725032805,0.8637653642892836,0.8183073788881302,0.8161022228002548,0.8638221329450607,0.8312321871519088,0.8160798239707946,0.7238062006235123,0.8091088438034056,0.8152041220664976,0.8008120834827424,0.8325699496269225,0.7957691955566406,0.6626165264844894,0.5666693264245987,0.3763176518678665,0.32922222971916193,0.45521509855985637,0.4335327351093291,0.8339205068349838,0.8295636487007141,0.8318123102188111,0.7964463531970978,0.36424953222274775,0.2430980575084686,0.778730764389038,0.7204200613498688,0.6606989628076554,0.7854818838834763,0.8205713045597076,0.8050639617443085,0.8421748745441437,0.5830868414044379,0.8438739061355591,0.7696645021438597,0.7107627987861633,0.7855502355098725,0.7202691137790679,0.7957342338562011,0.5242082116007805,0.778927356004715,0.7883734691143035,0.8144716495275498,0.7501135772466658,0.6922833830118179,0.7917989742755889,0.7689295744895934,0.8482677024602889,0.663270765542984,0.7567645090818405,0.7197274988889694,0.8615211033821106,0.8506419479846954,0.763910259604454,0.7007737100124359,0.7280265265703202,0.7338358908891677,0.7756396764516829,0.7572423058748244,0.7700339543819427,0.8498257243633269,0.8341069036722182,0.7771416389942168,0.2693265810608863,0.8119578731060028,0.23179594427347178,0.6974238175153732,0.5155312752723693,0.7322625845670699,0.7517983490228652,0.35577172070741653,0.3337381732463836,0.82004374563694,0.8077759474515915,0.6987329864501952,0.6348640435934065,0.8398927175998686,0.8038794612884521,0.83140722990036,0.49244998514652244,0.8075975614786147,0.574427656531334,0.8001348870992657,0.500281525850296,0.4491735756397247,0.5550369936227798,0.7845209437608718,0.6218472194671631,0.8508925670385359,0.7571467870473861,0.7602723163366317,0.8539319521188735,0.7381392139196395,0.8362279081344604,0.7337866818904876,0.8326489323377608,0.7538275676965713,0.7660443139076233,0.8355286574363708,0.6668458002805709,0.5352553182840347,0.7847321730852127,0.8130321002006531,0.641349030137062,0.6293106818199157,0.8271571952104567,0.7923807328939437,0.796850796341896,0.7859569925069809,0.6890402841567994,0.7374969619512557,0.6991206955909728,0.6490348941087722,103.2
HDFC,2023,1.0,1.0,1.0,1.0,1.0,1.0,1.0,1.0,1.0,1.0,1.0,1.0,1.0,1.0,1.0,1.0,1.0,1.0,1.0,0.2,0.2,0.4,0.4,1.0,1.0,1.0,1.0,0.8,1.0,1.0,1.0,1.0,1.0,1.0,1.0,1.0,1.0,1.0,1.0,1.0,1.0,1.0,1.0,1.0,1.0,1.0,1.0,1.0,1.0,1.0,1.0,1.0,0.8,1.0,0.8,1.0,1.0,1.0,1.0,1.0,1.0,1.0,1.0,1.0,1.0,1.0,1.0,0.0,1.0,0.0,1.0,0.6,1.0,1.0,0.0,0.4,1.0,1.0,1.0,1.0,1.0,1.0,1.0,0.6,1.0,0.6,0.6,0.8,0.0,0.2,0.2,1.0,1.0,1.0,1.0,1.0,1.0,1.0,1.0,1.0,1.0,1.0,1.0,1.0,1.0,1.0,1.0,1.0,0.6,1.0,1.0,1.0,0.8,0.8,1.0,0.6,0.8,0.7719700968265533,0.7331825691461562,0.8067571836709975,0.8178335595130919,0.8146354860067367,0.8664285689592361,0.8204213237762451,0.806044065952301,0.8540427505970001,0.7816455417871475,0.8011264604330062,0.7342610514163971,0.8098349457979201,0.8212048280239106,0.7894076716899872,0.8659601843357084,0.7845127302408218,0.7217693597078323,0.7566584223508835,0.3421585670113563,0.4256282314658165,0.41565811932086943,0.5099686568975448,0.8319462192058562,0.8487951338291169,0.8528478145599365,0.8082809078693389,0.7006229749321936,0.7064594268798828,0.7810135304927825,0.7952016258239746,0.6394018918275833,0.8616957998275756,0.7423100417852402,0.8282278269529343,0.8625857847928999,0.7260166281461715,0.8417750239372254,0.6028842705488204,0.8079007172584534,0.8023349773883819,0.7677621811628341,0.8033665114641189,0.6007261598110198,0.7963504087924956,0.8276272267103195,0.8163679844141006,0.7991501176357269,0.7318021219968796,0.6869296491146087,0.7458073550462723,0.8509921091794969,0.5836957204341887,0.7719808620214461,0.5987069761753081,0.8092078578472137,0.8175442671775818,0.762384493947029,0.6849693429470063,0.6819105148315429,0.5423654061555864,0.7214607834815979,0.635034041404724,0.745033158659935,0.7921945905685425,0.8385568106174469,0.7829514682292936,0.23816396296024323,0.8277488660812378,0.15486157767474648,0.8006764131784438,0.5435361754894257,0.724235867857933,0.7575911223888397,0.2242313791811466,0.44057021975517274,0.794332644343376,0.7603299689292907,0.7561505299806595,0.7202328318357466,0.7792810696363449,0.8605174088478087,0.7944153928756712,0.5478915011882781,0.7177153372764588,0.4687954181432724,0.6284624165296554,0.5169048833847045,0.3444995331764221,0.48687770545482634,0.4539394432306289,0.6424298912286758,0.8612777745723724,0.7120959049463271,0.7553815567493437,0.8593936872482301,0.588525578379631,0.8389006215333937,0.7241100549697874,0.8356229442358016,0.7684226286411286,0.7639800876379013,0.846133462190628,0.6191082751750946,0.6294006478786468,0.747441970705986,0.8186120432615279,0.821820711493492,0.5470182904601096,0.8434330922365187,0.7300815606117249,0.7525164067745209,0.6826996022462846,0.6158378964662551,0.7348291957378387,0.5970896500349043,0.6279948222637176,104.2
HDFC,2024,0.8,1.0,1.0,1.0,1.0,1.0,1.0,1.0,1.0,1.0,1.0,1.0,1.0,1.0,1.0,1.0,1.0,1.0,0.8,0.0,0.0,0.2,0.6,1.0,1.0,1.0,1.0,0.0,0.0,1.0,1.0,1.0,1.0,1.0,1.0,1.0,1.0,1.0,1.0,1.0,1.0,1.0,1.0,0.6,1.0,1.0,1.0,1.0,0.8,1.0,1.0,1.0,1.0,1.0,0.8,1.0,1.0,1.0,1.0,1.0,0.8,1.0,0.8,1.0,1.0,1.0,1.0,0.0,1.0,0.0,1.0,1.0,0.8,1.0,0.0,0.4,1.0,1.0,1.0,1.0,1.0,1.0,1.0,0.4,1.0,1.0,1.0,0.2,0.0,0.6,0.8,0.4,1.0,1.0,1.0,1.0,1.0,1.0,1.0,1.0,1.0,1.0,1.0,1.0,0.6,1.0,1.0,1.0,1.0,1.0,1.0,1.0,1.0,1.0,1.0,1.0,0.8,0.5296298122406006,0.7592506033182144,0.7677979052066803,0.8273030275106429,0.7981095057725905,0.8689260339736938,0.849072054028511,0.8461135619878769,0.8651453942060471,0.8200519466400147,0.8284755420684814,0.7749859422445297,0.8333572137355804,0.8141145664453505,0.8208507126569747,0.8707759916782377,0.8188807332515717,0.6373098295927047,0.5864986306428908,0.3027227973937988,0.3916048991680145,0.40718824088573446,0.5237973535060882,0.8365739810466766,0.851518501639366,0.8394153493642806,0.801398658156395,0.23456957250833507,0.24717534303665153,0.7745137122273444,0.7369983696937561,0.5618946874141694,0.803828271627426,0.8265886056423188,0.8434500575065613,0.8564822101593018,0.708226857483387,0.8323718190193177,0.700137892961502,0.7175210863351822,0.8170665007829665,0.7610123670101165,0.8487017893791198,0.5904284697771072,0.8404660528898239,0.8418033730983734,0.830792173743248,0.7060184985399246,0.6742969071865081,0.7407506930828094,0.7862480121850967,0.8608572685718536,0.6963097560405732,0.7936578953266143,0.590516009926796,0.8470639485120772,0.8275724750757218,0.7587408936023712,0.7766163921356201,0.7371584981679915,0.5934857714176178,0.7350391483306884,0.6797049993276596,0.7727629512548446,0.8032297915220259,0.8023384356498717,0.8210477691888809,0.20709175467491145,0.8326361513137817,0.2948447975516319,0.756126965880394,0.6496271151304245,0.6734809565544128,0.7117993354797363,0.3304878875613212,0.4639375606179237,0.7388669198751449,0.7431185752153396,0.7493639206886291,0.7503177922964095,0.7801057624816894,0.7499878644943236,0.8102921795845031,0.43739607632160177,0.7776054215431213,0.6325763213634491,0.7014380025863647,0.3655066585540771,0.3130603033304214,0.47289734184741966,0.5867573595046995,0.520776782631874,0.797902824282646,0.7696420550346373,0.7954035717248915,0.8174406623840331,0.7051666897535325,0.8515513849258423,0.6635967841744422,0.8519285428524016,0.7726142728328704,0.789296835064888,0.8031713557243346,0.7065212637186049,0.5284784758090972,0.7730547535419464,0.8048158144950867,0.763441202044487,0.6661126953363419,0.8210751694440841,0.7778326976299285,0.8133546990156173,0.7547185903787613,0.6616052782535552,0.7118907827138901,0.7172171556949615,0.5736393064260483,102.2
IOCL,2022,0.8,1.0,1.0,1.0,1.0,1.0,1.0,1.0,1.0,1.0,1.0,1.0,0.8,0.8,0.6,1.0,1.0,1.0,0.8,0.6,0.4,0.2,0.2,1.0,1.0,1.0,1.0,0.4,1.0,1.0,1.0,1.0,1.0,1.0,1.0,1.0,1.0,1.0,1.0,1.0,1.0,1.0,1.0,1.0,1.0,1.0,1.0,0.0,0.8,0.6,1.0,1.0,0.6,1.0,0.0,1.0,1.0,0.8,1.0,0.8,0.0,0.2,0.4,1.0,1.0,1.0,0.0,0.0,1.0,0.0,0.8,1.0,1.0,0.8,0.0,0.2,0.8,0.4,1.0,0.8,1.0,1.0,0.4,0.6,0.6,1.0,1.0,0.8,0.6,0.6,0.4,0.4,1.0,1.0,1.0,1.0,1.0,1.0,1.0,1.0,1.0,1.0,1.0,0.8,0.2,0.8,1.0,0.8,0.6,1.0,1.0,1.0,1.0,0.6,1.0,0.2,1.0,0.5308577752113341,0.6677275145053864,0.7425826799869537,0.7841754209995269,0.7661153173446655,0.8336386698484419,0.7770583832263946,0.797763180732727,0.7698775815963745,0.7674400287866592,0.7732569533586501,0.6676515734195709,0.5578228896856308,0.5075845783948898,0.5080395412445069,0.691824493408203,0.7767344051599501,0.7594441348314285,0.7318354362249374,0.47114153087139127,0.480786063671112,0.4379278308153152,0.432232528924942,0.8139313042163849,0.8003037047386169,0.846233462691307,0.7600285398960113,0.43197308421134945,0.8056259363889694,0.7816508543491364,0.7558422482013702,0.7447784358263017,0.8212851142883301,0.8346077978610993,0.778491884469986,0.8128236591815948,0.7680656445026398,0.7539033782482147,0.6237221461534499,0.7636048930883407,0.7953234589099882,0.798568480014801,0.6607609069347381,0.6566221791505813,0.7832483887672425,0.8196046078205107,0.7926271212100983,0.18075714379549024,0.5253111898899078,0.552797717154026,0.7359550541639328,0.6743065053224563,0.5076715153455733,0.7908558022975921,0.31611387491226195,0.7531073689460754,0.797586041688919,0.5781180816888808,0.7156872168183327,0.7049819821119309,0.27551361888647075,0.45316577732563007,0.4768856561183929,0.6540153169631958,0.6629388272762298,0.798229687809944,0.3397831526398658,0.2560910737514495,0.7951571989059449,0.3274568974971771,0.5561600083112717,0.6748553723096847,0.6405740106105804,0.6040547513961793,0.37176340937614444,0.47778196692466735,0.5889919358491897,0.46074999928474425,0.680967218875885,0.575567742884159,0.7746069139242172,0.6475708478689194,0.49133983731269837,0.5080054557323456,0.5402315846085548,0.7777031147480009,0.7839833086729049,0.701668272614479,0.5084556517004966,0.5574547880887984,0.4719548225402831,0.5357100945711136,0.8718054080009461,0.7390713727474212,0.8044712418317795,0.8383100938796997,0.7571377116441727,0.844865397810936,0.7597352775931359,0.8440722334384917,0.7724743568897247,0.7978191465139388,0.8364756792783737,0.5747220939397811,0.45664271891117086,0.62654445707798,0.7600616252422332,0.6180346471071243,0.47138146936893455,0.8630208098888396,0.6734301632642745,0.8005940520763396,0.6157414245605468,0.5242464917898177,0.7282094544172286,0.47555746078491207,0.798805831670761,94.0
IOCL,2023,0.0,0.8,1.0,1.0,1.0,1.0,1.0,1.0,1.0,1.0,1.0,1.0,1.0,1.0,0.6,1.0,1.0,1.0,0.8,0.0,0.0,0.6,0.4,1.0,1.0,1.0,0.8,0.6,1.0,1.0,1.0,1.0,1.0,1.0,1.0,1.0,1.0,1.0,1.0,1.0,1.0,1.0,1.0,1.0,1.0,1.0,1.0,0.0,1.0,1.0,1.0,1.0,0.8,0.8,0.0,1.0,1.0,0.8,1.0,0.8,0.0,0.0,0.0,0.2,1.0,1.0,0.0,0.0,1.0,0.0,0.8,1.0,1.0,0.8,0.0,0.8,0.8,0.4,1.0,1.0,0.6,0.6,0.0,0.4,0.8,1.0,1.0,0.8,0.6,1.0,0.2,0.8,1.0,1.0,1.0,1.0,1.0,1.0,1.0,1.0,1.0,1.0,1.0,1.0,0.8,1.0,1.0,1.0,0.8,1.0,1.0,1.0,1.0,0.8,1.0,0.6,0.8,0.3336947721242904,0.6181128567457199,0.726904547214508,0.78321428835392,0.7952015072107315,0.8470096915960312,0.7977838438749313,0.793980843424797,0.8261456090211867,0.7669748556613921,0.7627897113561629,0.7213183587789536,0.6909860491752624,0.6337843990325928,0.5317778104543687,0.7097633218765258,0.7448825657367706,0.7246060645580292,0.6758686113357543,0.40499178946018216,0.42937497735023494,0.459295539855957,0.46704783916473386,0.7870714998245238,0.8035761755704879,0.8226349627971649,0.6741046321392059,0.5386867091059684,0.7435751473903656,0.6393711662292481,0.7593140405416487,0.7702329289913176,0.8390472000837326,0.8297925686836244,0.7865768855810165,0.8403924614191054,0.7713468247652053,0.8275550264120103,0.7622377240657807,0.7901770746707916,0.799135775566101,0.7716935777664184,0.7438846457004546,0.72168152987957,0.719052808880806,0.8134861713647842,0.6865536057949065,0.2846167495846748,0.5869640064239501,0.7865612345933913,0.766972431242466,0.71923146545887,0.6657748425006865,0.6532405513525008,0.2658292195200919,0.702064339518547,0.7628910750150679,0.6492118632793427,0.7006548774242403,0.6362106490135193,0.2194030725955963,0.3745008248090743,0.2804285421967506,0.4317430019378662,0.6779597538709641,0.7848625087738037,0.384710938334465,0.2726405695080757,0.8165848577022553,0.3297131961584091,0.5420785737037659,0.7361483025550843,0.602534214258194,0.6120442289113998,0.3556106209754944,0.5422725749015809,0.5148267978429794,0.42143466651439654,0.7594326153397559,0.6043375501036644,0.632468040883541,0.5274802428483962,0.3891276568174361,0.4312445044517517,0.6015047332644462,0.7928615373373031,0.6757752448320389,0.611114649772644,0.5369326120615006,0.6406132793426513,0.41727097094058985,0.6630576020479202,0.8423126256465912,0.7974132168292998,0.8159841275215148,0.8456686270236968,0.7002798455953597,0.8425121295452117,0.7356861028075218,0.8317061519622803,0.7337191808223723,0.8171729242801666,0.8296494442224503,0.6105235987901687,0.5983207243680952,0.7866648823022842,0.7453311371803284,0.764353775382042,0.6308386909961701,0.8646388006210326,0.7917907083034514,0.752674246430397,0.7922520667314528,0.7146292126178742,0.7082726210355759,0.5740599799156189,0.7207188552618027,94.2
IOCL,2024,1.0,1.0,1.0,1.0,1.0,1.0,1.0,1.0,1.0,1.0,1.0,1.0,1.0,0.6,0.6,1.0,1.0,1.0,1.0,0.0,0.0,0.0,0.2,1.0,1.0,1.0,1.0,0.8,1.0,1.0,1.0,1.0,1.0,1.0,1.0,1.0,1.0,1.0,1.0,1.0,1.0,1.0,1.0,1.0,1.0,1.0,1.0,0.0,1.0,1.0,1.0,1.0,0.8,0.8,0.0,1.0,1.0,1.0,0.6,1.0,0.0,0.0,0.0,0.8,0.8,1.0,0.0,0.0,1.0,0.2,0.8,0.8,0.8,1.0,0.0,0.6,1.0,0.6,1.0,0.6,1.0,0.8,0.2,0.8,0.6,1.0,0.8,0.6,0.8,0.4,0.8,0.8,1.0,1.0,1.0,1.0,1.0,1.0,1.0,1.0,0.8,1.0,1.0,1.0,0.8,0.8,1.0,1.0,1.0,1.0,1.0,1.0,1.0,1.0,1.0,0.4,0.8,0.734928036928177,0.7486998677253723,0.5887845277786254,0.7938144761323928,0.7963671618700028,0.8480260968208313,0.8046606373786928,0.8190752327442169,0.8279835492372513,0.794648078083992,0.7732878690958022,0.7097629636526108,0.6637031346559524,0.5866436579823493,0.5521241796016693,0.7066771000623702,0.743734181523323,0.650083315372467,0.7387916076183318,0.34348358750343316,0.36571628749370566,0.37001301229000083,0.4137795481085777,0.7943225884437561,0.7953337532281874,0.8389830803871154,0.7591995805501938,0.5157858701050281,0.7992886030673981,0.6356947684288026,0.736988119482994,0.7124593728780745,0.81415014564991,0.8502991282939909,0.750046575665474,0.8206534779071808,0.7794097387790679,0.8066295760869979,0.7108409905433655,0.7462856066226958,0.7928894138336181,0.7987235736846923,0.7158963465690612,0.6266220414638519,0.753159459233284,0.797844499349594,0.7058318781852722,0.2261189225316047,0.5911978387832642,0.6671634709835053,0.7723139256238937,0.7441681116819382,0.5847596043348312,0.6655618929862975,0.2241795083880424,0.6185865592956543,0.7563802248239517,0.609682713150978,0.5961136656999587,0.7499538874626159,0.36960061430931085,0.39014839589595784,0.4245527350902557,0.5510177105665207,0.5638818669319152,0.7987800592184067,0.39591837108135225,0.26415326118469235,0.836518502831459,0.3721170756220817,0.5897421146929265,0.6152541702985763,0.6126925653219224,0.6441187193989752,0.4197424983978271,0.5304473352432251,0.6466317737102509,0.5659703284502029,0.7791206133365631,0.5616846197843552,0.6367600935697555,0.631685145497322,0.4129119318723678,0.5835868009924888,0.5357789504528044,0.6807040876150131,0.5930342322587967,0.5686942851543425,0.5488170441985131,0.4844840359687804,0.47480391263961785,0.6925933384895323,0.867879490852356,0.7534710592031477,0.813869113922119,0.8362749993801117,0.7920669800043105,0.8447857844829558,0.697542001903057,0.8536227077245713,0.6640152412652969,0.8183198481798172,0.8448889237642287,0.6375783437490463,0.7188662075996397,0.6661661845445633,0.7553563272953033,0.6667872750759125,0.6286620384454727,0.8708522737026213,0.7379496228694915,0.8058094590902328,0.7971994549036026,0.7429009899497031,0.7556328961253166,0.45397199362516405,0.6908665752410889,95.6
RIL,2022,1.0,1.0,1.0,1.0,1.0,1.0,1.0,1.0,1.0,1.0,1.0,1.0,1.0,0.6,0.8,1.0,1.0,1.0,0.4,0.0,0.0,0.0,0.0,1.0,1.0,1.0,1.0,0.6,1.0,1.0,1.0,1.0,1.0,1.0,1.0,1.0,1.0,1.0,1.0,1.0,1.0,1.0,0.8,1.0,0.8,1.0,1.0,1.0,0.8,1.0,1.0,0.8,1.0,1.0,0.0,1.0,1.0,1.0,1.0,0.6,0.0,0.4,0.0,0.4,1.0,1.0,1.0,0.2,1.0,0.0,0.4,0.8,0.6,1.0,0.0,0.2,0.6,0.4,1.0,0.8,0.6,1.0,0.0,0.6,1.0,0.8,1.0,0.4,0.4,0.4,0.2,0.8,1.0,1.0,1.0,1.0,1.0,1.0,1.0,1.0,1.0,1.0,1.0,1.0,1.0,1.0,1.0,1.0,1.0,1.0,1.0,1.0,1.0,1.0,1.0,1.0,0.6,0.6948027729988098,0.7872509384155272,0.7503100937604904,0.7899199223518372,0.7854600912332534,0.8502373647689818,0.8124098467826842,0.8268412530422211,0.8353830409049987,0.795756190419197,0.7830243688821792,0.7016567486524582,0.6257943838834762,0.567960900068283,0.6266228204965592,0.7095277976989746,0.7615357941389083,0.7331799352169035,0.5331602010130883,0.28169044494628903,0.3663883346319198,0.28969102352857584,0.3860030543804168,0.8170715963840485,0.819454669356346,0.8478517240285873,0.7485393589735031,0.5440365299582481,0.721517568230629,0.7752413487434386,0.7641776871681213,0.7512981313467024,0.8097967827320097,0.7468868952989578,0.7448245310783386,0.8408448922634124,0.8033238983154296,0.8242857104539871,0.7917840123176575,0.7610158103704452,0.8182704186439513,0.7858068358898163,0.5832260447740555,0.648414277434349,0.6682871276140212,0.7922309756278991,0.7908570957183837,0.6125632113218307,0.58967704474926,0.7208792793750763,0.7949785095453262,0.7015838474035263,0.6798307895660399,0.707179610133171,0.255681209564209,0.6872697830200194,0.6742118704319,0.6697268980741501,0.6225570884346961,0.5020856636762618,0.27354959875345225,0.45873369455337515,0.3290401148796081,0.5310639691352843,0.6588037407398224,0.8486944508552551,0.8109326660633087,0.36008626461029053,0.848281614780426,0.3245074933767319,0.444266947209835,0.6274690622091292,0.6689361411333083,0.636158338189125,0.33867232754826543,0.42395212262868875,0.4988850879669188,0.5701265239715576,0.7583072036504745,0.6671081548929214,0.5387180244922637,0.7743525826930999,0.3441134470701217,0.5355900353193283,0.799710201025009,0.6574673920869827,0.7429436129331588,0.5065850621461867,0.4097678665816783,0.5237895262241363,0.4254291760921478,0.5971128225326539,0.8568774545192717,0.7262914830446243,0.7741908472776412,0.7238363683223723,0.8330877959728241,0.8460732555389404,0.7112043088674546,0.845958068370819,0.8422505271434784,0.7950912415981293,0.8406881320476531,0.6582139647006988,0.7927158182859422,0.7075394916534423,0.8344384157657624,0.7817530834674835,0.7643264728784562,0.8568362081050871,0.7088780915737151,0.8171922332048416,0.7823047363758088,0.7992974543571473,0.7207400500774384,0.673623142838478,0.5692934745550156,94.8
RIL,2023,1.0,1.0,1.0,1.0,1.0,1.0,1.0,1.0,1.0,1.0,1.0,1.0,1.0,1.0,1.0,1.0,1.0,1.0,1.0,0.2,0.0,0.4,0.8,1.0,1.0,1.0,1.0,0.8,1.0,1.0,1.0,1.0,1.0,1.0,1.0,1.0,1.0,1.0,1.0,1.0,1.0,1.0,1.0,1.0,1.0,1.0,1.0,0.8,0.6,1.0,1.0,0.8,1.0,1.0,0.0,1.0,1.0,1.0,1.0,0.4,0.0,0.4,0.4,0.8,1.0,1.0,1.0,0.0,1.0,0.0,0.0,0.8,1.0,1.0,0.6,0.2,1.0,1.0,1.0,0.8,0.8,0.8,0.4,0.4,0.8,1.0,1.0,0.4,0.2,0.4,0.8,1.0,1.0,1.0,1.0,1.0,1.0,1.0,1.0,1.0,1.0,1.0,1.0,1.0,1.0,1.0,1.0,1.0,1.0,1.0,1.0,1.0,1.0,1.0,1.0,0.8,1.0,0.6930646777153016,0.7959128576517104,0.712868065237999,0.8050960922241209,0.7825489258766174,0.8483664798736571,0.8194148254394531,0.8439591807126998,0.8741763842105865,0.8034792011976242,0.7794443541765212,0.7578480809926986,0.7134939080476761,0.657911894917488,0.6882662636041641,0.6889177238941192,0.7648124879598617,0.7771601760387421,0.7700825089216232,0.3945326870679855,0.42119322180747976,0.42493976995348925,0.5620444178581236,0.8323925918340682,0.8277981221675873,0.8444814646244048,0.7669877469539641,0.5942920762300491,0.7995182079076767,0.7434178769588471,0.7641908133029938,0.7193003433942795,0.8242110842466353,0.8242076206207276,0.7878715437650681,0.8485630077123643,0.8243945455551147,0.8178812885284424,0.7282495212554931,0.802272987961769,0.8267656940221787,0.7595975977182389,0.7882947748899458,0.5948235172033309,0.7660415637493132,0.8113555586338043,0.7791659754514694,0.46567323848605147,0.5918431317806243,0.7255499970912933,0.7848678839206695,0.6575635784864425,0.7516630697250367,0.6346882539987564,0.35703858762979507,0.8194772428274153,0.8080186587572097,0.7133342468738555,0.7693979430198669,0.5299138104915618,0.27437900125980375,0.465209801197052,0.4136527922749519,0.5752543503046036,0.7498929703235626,0.8508945345878601,0.8479805886745453,0.20361246824264523,0.8535525441169739,0.23644045710563652,0.32261311829090117,0.6648147213459016,0.7073180866241455,0.5671861588954925,0.4735826623439789,0.4822097498178482,0.6156561541557312,0.7555230861902237,0.7399165040254593,0.6367911279201507,0.6655010873079299,0.6865682584047318,0.43963512659072873,0.4559244865179061,0.6608910097181797,0.7441377800703048,0.8152248948812483,0.47277822941541664,0.3784607702493667,0.49622487664222714,0.6218538177013396,0.680563737154007,0.877305291891098,0.6838669979572296,0.824101619720459,0.7983967161178589,0.8469644302129744,0.8586442470550537,0.7442412120103835,0.8282231956720352,0.8286802917718885,0.7856064039468765,0.8310954284667968,0.6983392536640167,0.7299756759405135,0.6622887814044951,0.7975913470983504,0.8067133080959319,0.7311603200435638,0.8563677942752838,0.6802513271570205,0.8204392027854919,0.6499693191051483,0.6965855789184571,0.7004630294442176,0.6098066252470017,0.6424006575345993,100.6
RIL,2024,1.0,1.0,1.0,1.0,1.0,1.0,1.0,1.0,1.0,1.0,1.0,1.0,1.0,1.0,1.0,1.0,1.0,1.0,0.8,0.0,0.0,0.0,0.0,1.0,1.0,1.0,1.0,0.6,0.8,1.0,1.0,1.0,1.0,1.0,1.0,1.0,1.0,1.0,1.0,0.8,1.0,1.0,1.0,1.0,1.0,1.0,1.0,1.0,1.0,1.0,1.0,0.8,1.0,0.8,0.2,1.0,1.0,1.0,1.0,1.0,0.0,0.0,0.0,0.0,1.0,1.0,1.0,0.0,1.0,0.4,0.6,0.8,1.0,1.0,0.0,0.2,1.0,1.0,1.0,0.8,0.6,1.0,0.4,0.2,1.0,0.6,1.0,0.2,0.2,0.0,0.2,0.6,1.0,1.0,1.0,1.0,1.0,1.0,1.0,1.0,1.0,1.0,1.0,1.0,1.0,1.0,1.0,1.0,1.0,1.0,1.0,1.0,1.0,1.0,1.0,1.0,1.0,0.7804251509904861,0.8005519932508468,0.785817214846611,0.8040232419967651,0.7996199685335158,0.8491853612661361,0.8017019712924955,0.818158142566681,0.831077265739441,0.813517380952835,0.7929083561897278,0.7706339854001999,0.7033872160315513,0.6860658836364745,0.6485309416055679,0.7986192524433136,0.7686716765165328,0.7477600735425949,0.6677339231967925,0.28913130134344095,0.326927700638771,0.2527109017968177,0.34079662978649133,0.8390486603975296,0.8518067789077758,0.8438645929098127,0.7675775462388992,0.48753598570823675,0.7114816927909849,0.6180602437257767,0.8097421354055404,0.706096425652504,0.7854035687446593,0.7509551000595092,0.7504956579208374,0.7961528652906418,0.7392206293344497,0.7624503809213639,0.6616972607374191,0.7124472492933273,0.8489684164524078,0.7895243430137633,0.785842992067337,0.5785054361820221,0.7960966300964356,0.809792109131813,0.7752742645144461,0.651478443145752,0.5913413316011429,0.6180852806568146,0.7372086578607557,0.6099176642298698,0.7813558822870255,0.7255044192075729,0.3503768482804298,0.8082973712682723,0.7998537659645079,0.7056977999210357,0.7370124918222427,0.7549419128894806,0.2844400504231453,0.4237216651439666,0.31973126888275144,0.4654248529672622,0.7316129106283188,0.8226255083084105,0.8203392952680588,0.27328605264425276,0.839546957015991,0.3365757841616869,0.4695921337604522,0.5791817122697831,0.6010106801986694,0.5866709017753602,0.24342272654175753,0.43340258717536917,0.7252926075458526,0.6798898243904113,0.7199067139625549,0.6131203198432922,0.5864463713765145,0.7892166739702223,0.527209398150444,0.3413533532619476,0.7519715791940689,0.6141249936819075,0.8257840460538863,0.4226438453793525,0.3869294989109039,0.3826650145649909,0.45473603069782254,0.5269639271497726,0.8681331014633178,0.7417115968465804,0.7919581198692321,0.7712087512016297,0.8403769832849501,0.8299592572450638,0.6919809874892234,0.8230661141872405,0.808860535621643,0.7709531915187837,0.8433289450407028,0.6953866267204284,0.665352737903595,0.6760281455516814,0.788845282793045,0.7552555245161056,0.729834142923355,0.86180424451828,0.6418270933628081,0.7984121561050415,0.7685627102851867,0.7886317038536073,0.7126321285963058,0.7449576449394225,0.7207486128807067,96.6
TCS,2022,0.8,1.0,1.0,1.0,1.0,1.0,1.0,1.0,1.0,1.0,1.0,1.0,1.0,1.0,1.0,1.0,1.0,1.0,1.0,0.0,0.0,0.0,0.2,1.0,1.0,1.0,1.0,0.0,0.2,0.0,1.0,1.0,1.0,1.0,1.0,1.0,1.0,1.0,1.0,1.0,1.0,1.0,1.0,1.0,1.0,1.0,1.0,0.6,0.6,1.0,1.0,1.0,0.8,1.0,0.6,1.0,1.0,1.0,1.0,1.0,1.0,1.0,1.0,1.0,1.0,1.0,1.0,0.0,1.0,0.0,0.0,0.4,1.0,1.0,0.0,0.0,1.0,1.0,1.0,1.0,1.0,0.8,0.8,0.4,1.0,1.0,0.6,0.0,0.0,0.4,0.0,1.0,1.0,1.0,1.0,0.8,1.0,1.0,1.0,1.0,1.0,1.0,1.0,1.0,1.0,1.0,1.0,1.0,0.4,1.0,0.8,1.0,1.0,0.4,1.0,0.8,1.0,0.6001396512985229,0.7943644392490387,0.8106399649381636,0.8446951091289521,0.8042536562681197,0.8516110265254975,0.7860666829347611,0.7833040320873261,0.8443880426883696,0.8310599738359452,0.8422898530960085,0.7231705480813979,0.8111890864372253,0.7972064232826233,0.7717158013582229,0.8224632787704467,0.7635589671134948,0.741557092666626,0.7701150590181349,0.429463037252426,0.36390999257564544,0.348189859688282,0.4235412794351577,0.8001893705129621,0.856263945698738,0.8184078860282897,0.8061231118440627,0.22087494403123847,0.3935433703660965,0.32832992166280744,0.6334595823287963,0.6745404338836669,0.836774417757988,0.8508458858728408,0.8241634434461591,0.8473010456562042,0.7580406689643858,0.8161530411243438,0.8354685825109481,0.791325442790985,0.8251498913764953,0.7538324391841889,0.8446661359071731,0.7341743212938308,0.8580914807319641,0.8207384729385374,0.7763297355175018,0.5338109737634659,0.559317222237587,0.7368058454990387,0.7738642048835753,0.7619084578752517,0.6470670205354689,0.7711658823490142,0.5815334138274192,0.8463345932960511,0.8128470754623413,0.8259411633014679,0.7936641269922255,0.6647742450237274,0.7053444242477417,0.8190367537736891,0.6938512319326401,0.6947442483901977,0.7990789633989334,0.7996592551469803,0.7854135024547577,0.2134706039726734,0.8438647907972335,0.27019891381263733,0.3672333115339279,0.48686565995216363,0.8130778640508651,0.8119123226404188,0.3167282103002071,0.31519482672214505,0.8298937267065046,0.834357087612152,0.763542923927307,0.6471162068843841,0.8067473757266997,0.7102651619911193,0.5758025097846985,0.4655858147144317,0.736223422884941,0.7600005388259887,0.6015813833475112,0.403291400372982,0.3473565226793288,0.511233518719673,0.3117934316396712,0.6130646646022797,0.858197544813156,0.7168628692626953,0.7554177379608155,0.7534900873899459,0.7244278216361999,0.8591287446022035,0.7535674926638602,0.8354826450347901,0.711022612452507,0.8019476932287215,0.8694664978981017,0.6917107641696929,0.6189336222410201,0.6746120941638946,0.7817197436094283,0.6830720502138139,0.45710390508174886,0.8661724638938904,0.5743764483928679,0.7715772354602812,0.7379352784156799,0.48907671570777894,0.7534059900045393,0.7006441327929498,0.7349514788389205,96.4
TCS,2023,1.0,1.0,1.0,1.0,1.0,1.0,1.0,1.0,1.0,1.0,1.0,1.0,1.0,1.0,1.0,1.0,1.0,1.0,1.0,0.0,0.2,0.2,0.8,1.0,1.0,1.0,1.0,0.0,1.0,1.0,1.0,1.0,1.0,1.0,1.0,1.0,1.0,1.0,1.0,1.0,1.0,1.0,1.0,1.0,1.0,1.0,1.0,0.8,1.0,1.0,1.0,1.0,0.6,1.0,1.0,1.0,1.0,1.0,1.0,1.0,0.8,1.0,1.0,1.0,1.0,1.0,1.0,0.0,1.0,0.0,0.4,0.8,1.0,1.0,0.0,0.2,1.0,1.0,1.0,0.8,0.6,1.0,0.8,0.4,1.0,0.8,1.0,0.4,0.4,0.8,0.6,1.0,1.0,1.0,1.0,1.0,1.0,1.0,1.0,1.0,1.0,1.0,1.0,1.0,0.8,1.0,1.0,0.8,1.0,1.0,0.8,1.0,0.8,0.8,1.0,1.0,0.6,0.8089299935102463,0.7429456228017807,0.8059292495250702,0.8146382153034211,0.8143022543191909,0.8470306611061096,0.8415759438276291,0.8423645162582396,0.8692785298824308,0.8404835039377211,0.7966679549217225,0.6889784210920333,0.8141316962242126,0.8009843337535857,0.8040110939741133,0.834359381198883,0.7807410353422164,0.7293450546264648,0.8247496849298477,0.41105668544769286,0.4246973294019699,0.42700868964195243,0.5488120025396347,0.789961814880371,0.8265923637151718,0.8328820061683656,0.7967807179689407,0.19883301988244054,0.7099363243579864,0.7174312919378281,0.7718586546182632,0.6923740762472151,0.7809305083751679,0.8378278386592865,0.8268221950531004,0.8503182452917099,0.7538196828961372,0.8161976385116576,0.8090330237150193,0.8098890662193299,0.8411067408323287,0.7531255078315735,0.8442161798477172,0.5683515691757202,0.8537031197547913,0.8038476341962815,0.8189477080106734,0.6349288919568062,0.6180258685350417,0.6888228291273117,0.7656670236587524,0.7558721876144409,0.5489927804470062,0.7164571937918663,0.8022868025302887,0.8238956260681153,0.823474875688553,0.7657437849044799,0.7780807363986969,0.6604330790042877,0.7453014069795607,0.8414353042840957,0.8128598338365555,0.8089968448877333,0.790559611916542,0.8078077471256255,0.7968751883506775,0.3825714027881622,0.8497029209136964,0.3415315423905849,0.4992006093263625,0.6700313526391982,0.7766722822189331,0.7472199076414107,0.28654753118753423,0.505282124876976,0.7508530056476592,0.7894347321987152,0.7470862931013107,0.6323563325405119,0.6410426104068755,0.7827543270587921,0.6423595595359801,0.5219242271780967,0.72127869784832,0.704213877916336,0.7837683969736099,0.4992867657542228,0.515123179256916,0.6711977165937423,0.5183263301849365,0.6952553796768187,0.8122840386629104,0.7051878798007964,0.6474733310937881,0.7805113756656648,0.5580505514144897,0.8473536729812622,0.7094065269827843,0.8391453272104261,0.6904447954893111,0.8226895368099212,0.8563782727718354,0.7065090107917784,0.593591336607933,0.7182194131612777,0.8202131241559982,0.6507205790281295,0.5374308782815933,0.8516252791881559,0.5956399202346802,0.8135960382223129,0.6605111962556839,0.5626345860958099,0.7055476331710814,0.8090333878993986,0.5554007047414778,103.0
TCS,2024,0.4,1.0,1.0,1.0,1.0,1.0,1.0,1.0,1.0,1.0,1.0,1.0,1.0,1.0,1.0,1.0,1.0,1.0,1.0,0.4,0.4,0.6,0.6,1.0,1.0,1.0,1.0,0.0,1.0,1.0,1.0,1.0,1.0,1.0,1.0,1.0,1.0,1.0,1.0,1.0,1.0,1.0,1.0,0.6,1.0,1.0,1.0,0.8,0.8,1.0,1.0,1.0,0.8,0.8,1.0,1.0,1.0,0.8,1.0,1.0,1.0,1.0,1.0,1.0,1.0,1.0,1.0,0.0,1.0,0.0,0.6,1.0,1.0,1.0,0.0,0.6,1.0,1.0,1.0,0.6,1.0,1.0,0.8,0.6,1.0,1.0,1.0,0.4,0.2,0.6,0.8,1.0,1.0,1.0,1.0,1.0,1.0,1.0,1.0,1.0,1.0,1.0,1.0,1.0,1.0,1.0,1.0,0.6,0.4,1.0,1.0,1.0,0.8,0.4,1.0,1.0,0.8,0.5901891767978669,0.6946349626779555,0.8000900381803513,0.8254418617486954,0.8083494746685027,0.8535959088802336,0.8351537328958513,0.8309365385770796,0.8610700243711472,0.8517514663934707,0.8056233513355254,0.7325265562534332,0.8251456773281097,0.8151183879375458,0.8158692622184752,0.8574944615364075,0.7722584849596024,0.7851417541503906,0.8190824484825134,0.5182660573720932,0.4662983328104019,0.4388555717468261,0.5393845650553702,0.8227179610729216,0.8637176579236984,0.8410111266374589,0.8123648929595946,0.24644041031599037,0.7659121143817901,0.7013666880130767,0.7649821412563323,0.7517697358131408,0.767635298371315,0.8327155995368958,0.82888363301754,0.8162846201658247,0.74332333445549,0.8350242000818252,0.5676024627685546,0.8071666902303696,0.834569113254547,0.8047719299793243,0.8401617956161498,0.5947460389137268,0.8394911527633667,0.8271372497081757,0.8052939921617508,0.6229866027832032,0.6317587119340896,0.7185776883363724,0.7615998077392578,0.8248590397834776,0.6372051179409027,0.7114538875222205,0.8513726943731307,0.8211475777626036,0.8268909889459609,0.7088808500766753,0.7638425934314726,0.5834268963336945,0.847089649438858,0.8690018755197524,0.8507131659984587,0.8598712503910063,0.8193068265914917,0.8051011872291565,0.7828996896743774,0.1995919713377952,0.8374654465913771,0.2602075451612472,0.6226126778125762,0.6633480331301689,0.8033411169052123,0.7936364334821702,0.278711367547512,0.46900707364082334,0.8088584792613982,0.8253787249326706,0.7414386105537414,0.5930880671739578,0.8197742474079132,0.7963403135538101,0.6081152969598771,0.5357015189528465,0.762908107638359,0.7065981662273406,0.8209028655290602,0.5146002972126007,0.4325663103163242,0.5747512084245681,0.7252062529325485,0.6167693638801575,0.853314321041107,0.7093797254562377,0.7985214030742644,0.7337141156196594,0.7801344817876815,0.8499220103025437,0.7079905313253402,0.8545743054151534,0.747020342350006,0.8165695095062254,0.8430980527400969,0.7190493881702422,0.7732201415300369,0.7325201284885405,0.7973998308181761,0.622479549050331,0.5159015464782714,0.8512447774410248,0.7246711075305938,0.8055051809549332,0.6001211792230606,0.5054936075210572,0.7125504031777382,0.7878441083431242,0.6548117542266846,103.2
